Butterfly
70
90
110
0000000000000000000000000000000000000000000000000000000000000000000000000000000000000000000000000000
0000000000000000000000000000000000000000000000000000000000000000000000000000000000000000000000000000
0000000000000000000000000000000000000000000000000000000000000000000000000000000000000000000000000000
0000000000000000000000000000000000000000000000000000000000000000000000000000000000000000000000000000
0000000000000000000000000000000000000003330000000000000003330000000000000000000000000000000000000000
0000000000000000000000000000000000000000003300000000000330000000000000000000000000000000000000000000
0000000000000000000000000000000000000000000033000000033000000000000000000000000000000000000000000000
0000000000000000000000000000444444400000000000300000300000000000444444400000000000000000000000000000
0000000000000000000000000444666666644000000000030003000000000044666666644400000000000000000000000000
0000000000000000000000044666666666666440000000003330000000004466666666666644000000000000000000000000
0000000000000000000000046666666666666664400000033333000000446666666666666664000000000000000000000000
0000000000000000000004466666666666666666644000333333300044666666666666666666440000000000000000000000
0000000000000000000046666666666656666666666440333333304466666666665666666666664000000000000000000000
0000000000000000000466666666665555566666666664333333346666666666555556666666666400000000000000000000
0000000000000000000466666666655555556666666666333333366666666665555555666666666400000000000000000000
0000000000000000000466666666665555566666666666333333366666666666555556666666666400000000000000000000
0000000000000000004666666666666656666666666666333333366666666666665666666666666640000000000000000000
0000000000000000004666666666666666666666666666333333366666666666666666666666666640000000000000000000
0000000000000000004666666666666666666666666666333333366666666666666666666666666640000000000000000000
0000000000000000004666666666666666666666666666333333366666666666666666666666666640000000000000000000
0000000000000000004666666666666666666666666666333333366666666666666666666666666640000000000000000000
0000000000000000004666666666666666666666666666333333366666666666666666666666666640000000000000000000
0000000000000000000466666666666665666666666666333333366666666666656666666666666400000000000000000000
0000000000000000000466666666666555556666666666333333366666666665555566666666666400000000000000000000
0000000000000000000466666666665555555666666664333333346666666655555556666666666400000000000000000000
0000000000000000000046666666666555556666666440333333304466666665555566666666664000000000000000000000
0000000000000000000004466666666665666666644000333333300044666666656666666666440000000000000000000000
0000000000000000000000046666666666666664400000333333300000446666666666666664000000000000000000000000
0000000000000000000000044666666666666440000000333333300000004466666666666644000000000000000000000000
0000000000000000000000004446666666644000000000033333000000000044666666664440000000000000000000000000
0000000000000000000000000004444444400000000000003330000000000000444444440000000000000000000000000000
0000000000000000000000000000000000000000000000000000000000000000000000000000000000000000000000000000
0000000000000000000000000000000000000000000000000000000000000000000000000000000000000000000000000000
0000000000000000000000000000000000000000000000000000000000000000000000000000000000000000000000000000
0000000000000000000000000000000000000000000000000000000000000000000000000000000000000000000000000000
0000000000000000000000000000000000000000000000000000000000000000000000000000000000000000000000000000
0000000000000000000000000000000000000000000000000000000000000000000000000000000000000000000000000000
0000000000000000000000000000000000000000000000000000000000000000000000000000000000000000000000000000
0000000000000000000000000000000000000000000000000000000000000000000000000000000000000000000000000000
0000000000000000000000000000000000000000000000000000000000000000000000000000000000000000000000000000
