Hugs?
10
20
30
0000000000000000000000000000000000000000000000000000000000000000000000000000000000000000000000000000
0000000000000000000000000000000000000000000000000000000000000000000000000000000000000000000000000000
0000000000000000000000000000000000000000000000000000000000000000000000000000000000000000000000000000
0000000000000000000000000000000000000000000000000000000000000000000000000000000000000000000000000000
0000000000000000000000000000000000022200000000000000000000000000000000000000000000000000000000000000
0000000000000000000000000000000000222220000000000000000000000000000000000000000000000000000000000000
0000000000000000000000000000000000222220002220000000000000000000000000000000000000000000000000000000
0000000000000000000000000000000000222220002220000000000000000000000000000000000000000000000000000000
0000000000000000000000000002200000222222222220000000000000000000000000000000000000000000000000000000
0000000000000000000000000002222000222222222200000000000000000000000000000000000000000000000000000000
0000000000000000000000000002222000222220000000000000000000000000000000000000000000000000000000000000
0000000000000000000000000000222222222220000000000000000000000000000000000000000000000000000000000000
0000000000000000000000000000022222222220000000000000000000000000000000000000000000000000000000000000
0000000000000000000000000000000000222220000000000000000000000000000000000000000000000000000000000000
0000000000000000000000000000000000222220000000000000000000000000000000000000000000000000000000000000
0000000000000000000000000000000000222220002220000000000000000000000000000000000000000000000000000000
0000000000000000000000000000000000222220002220000000000000000000000000000000000000000000000000000000
0000000000000000000000000000000000222222222220000000000000000000000000000000000000000000000000000000
0000000000000000000000000000000000222222222200000000000000000000000000000000000000000000000000000000
0000000000000000000000000000000000222220000000000000000000000000000000000000000000000000000000000000
0000000000000000000000000000000000222220000000000000000000000000000000000000000000000000000000000000
0000000000000000000000000000000000222220000000000000000000000000000000000000000000000000000000000000
0000000000000000000000000000000000222220000000000000000000000000000000000000000000000000000000000000
0000000000000000000000000000000000222200000000000000000000000000000000000000000000000000000000000000
0000000000000000000000000000000000000000000000000000000000000000000000000000000000000000000000000000
0000000000000000000000000000000000000000000000000000000000000000000000000000000000000000000000000000
0000000000000000000000000000000000000000000000000000000000000000000000000000000000000000000000000000
0000000000000000000000000000000000000000000000000000000000000000000000000000000000000000000000000000
0000000000000000000000000000000000000000000000000000000000000000000000000000000000000000000000000000
0000000000000000000000000000000000000000000000000000000000000000000000000000000000000000000000000000
0000000000000000000000000000000000000000000000000000000000000000000000000000000000000000000000000000
0000000000000000000000000000000000000000000000000000000000000000000000000000000000000000000000000000
0000000000000000000000000000000000000000000000000000000000000000000000000000000000000000000000000000
0000000000000000000000000000000000000000000000000000000000000000000000000000000000000000000000000000
0000000000000000000000000000000000000000000000000000000000000000000000000000000000000000000000000000
0000000000000000000000000000000000000000000000000000000000000000000000000000000000000000000000000000
0000000000000000000000000000000000000000000000000000000000000000000000000000000000000000000000000000
0000000000000000000000000000000000000000000000000000000000000000000000000000000000000000000000000000
0000000000000000000000000000000000000000000000000000000000000000000000000000000000000000000000000000
0000000000000000000000000000000000000000000000000000000000000000000000000000000000000000000000000000
