Classic
90
160
200
11111111111111111111111111111111111111111111111111111111111111111111
14444444444444444444444444444444444444444444444444444444444444444441
14444444444444444444444444444444444444444444444444444444444444444441
14444444444444444444444444444444444444444444444444444444444444444441
14444444444444444444444444444444444444444444444444444444444444444441
14444444444444444444444444444444444444444444444444444444444444444441
14444444444444444444444444444444444444444444444444444444444444444441
14444444444444444444444444444444444444444444444444444444444444444441
14444444444444444444444444444444444444444444444444444444444444444441
14444444444444444444444444444444444444444444444444444444444444444441
14444444444444444444444444444444444444444444444444444444444444444441
14444444444444444444444444444444444444444444444444444444444444444441
14444444444444444444444444444444444444444444444444444444444444444441
14444444444444444444444444444444444444444444444444444444444444444441
14444444444444444444444444444444444444444444444444444444444444444441
14444444444444444444444444444444444444444444444444444444444444444441
14444444444444444444444444444444444444444444444444444444444444444441
14444444444444444444444444444444444444444444444444444444444444444441
14444444444444444444444444444444444444444444444444444444444444444441
14444444444444444444444444444444444444444444444444444444444444444441
14444444444444444444444444444444444444444444444444444444444444444441
14444444444444444444444444444444444444444444444444444444444444444441
14444444444444444444444444444444444444444444444444444444444444444441
14444444444444444444444444444444444444444444444444444444444444444441
14444444444444444444444444444444444444444444444444444444444444444441
14444444444444444444444444444444444444444444444444444444444444444441
11111111111111111111111111111111111111111111111111111111111111111111
