All_tied_up
130
160
190
00000000000011111111000000000000011111111000000000000
00000000000155551555111000000011155515555100000000000
00000000011555551555551100000115555515555511000000000
00000011155555551555555510001555555515555555111000000
00000115555555511555555551015555555511555555551100000
00001555555555515555555555155555555551555555555510000
00001555555555155555555555155555555555155555555510000
00001555555555155555555555157555555555155555555510000
00001555555555515555555555155555555551555555555510000
00001555555555511555555555155555555511555555555510000
00001155555555551555555555155555555515555555555110000
00000155555555551555555555157555555515555555555100000
00000115555555555155555555155555555155555555551100000
00000015555555555155555555155555555155555555551000000
00000011555555555155555555155555555155555555511000000
00000001555555555515555555157555551555555555510000000
00000000155555555515555555155555551555555555100000000
00000000155555555515555555155555551555555555100000000
00000000015555555515555555155555551555555551000000000
00000000001555555515555555157555551555555510000000000
00000000001555555515555555155555551555555510000000000
00000000000155555515555555155555551555555100000000000
00000000000155555515555555155555551555555100000000000
00000000001555555115555555157555551155555510000000000
00000000015555555155555555155555555155555551000000000
00000001155555551555555555155555555515555555110000000
00000015555555515555555555155555555551555555551000000
00001155555555155555555555157555555555155555555110000
00015555555551555555555555155555555555515555555551000
00155555555515555555555555155555555555551555555555100
01555555555155555555555555155555555555555155555555510
01555555555155555555555555157555555555555155555555510
15555555555155555555555555155555555555555155555555551
15555555555155555555555555155555555555555155555555551
15555555555155555555555555155555555555555155555555551
01111111115155555555555555157555555555555151111111110
00000000001111155555555555155555555555111110000000000
00000000000000011115555555155555551111000000000000000
00000000000000000001111155155111110000000000000000000
00000000000000000000000011111000000000000000000000000
