Fish
130
160
190
000000020000000000000000400000000000000000000000000000000000
000000020440000000000044440000000000000000000000044400000000
000000424440000000044444440000000000044000000004444400000044
000044424400000004444444400000000044444000000044444000004444
000444424000000044444444000000000444444400000444440000044440
004444424000000444444444000000004444444000004444400000444400
044444424000004444444444400000044444440000044444400004444440
444444424400444444444444444000444444444000444444440044444444
444444424444444444444444444444444444444444444444444444444444
444444424444444444444444444444444444444444444444444444444444
444444424444444444444444444444444444444444444444444444444444
444444424444444444444444444444444444444444444444444444444444
444444424444444444444448888888888884444444444444444444444444
444444424444444444444487777777777778444444444444444444444444
4444444644444444444448777c7777777777844444444444444444444444
444444464444444444448777777777777777784448444444444444444444
444444464444444444488777778787777777778488444444444444444444
444444464444644444488777787877777777777844444444444444444444
444444464444644444444877778787777777778488444444444444444444
444444446446444444444487777777777777784448444444444444444444
444444444664444444444448777777777777844444444444444444444444
444444444444444444444444888888888888444444444444444444444444
444444444444444444444444444444444444444444444444444444444444
444444444444444444444444444444444444444444444444444444444444
444444444444444444444444444444444444444444444444444444444444
444444444444444444444444444444444444444444444444444444444444
444444444444444444444444444444444444444444444444444444444444
444444444444444444444444444444444444444444444444444444444444
444444444444444444444444444444444444444444444444444444444444
444444444444444444444444444444444444444444444444444444444444
444444444444444444444444444444444444444444444444444444444444
444444444444444444444444444444444444444444444444444444444444
444444444444444444444444444444444444444444444444444444444444
444444444444444444444444444444444444444444444444444444444444
444444444555555444444444444444445555554444444444555544444444          
455444445555555554445444444444555555554444444455555555444444     
555545555555555555555544444555555555554444444555555555555555         
555555555555555555555555555555555555555555555555555555555555
555555555555555555555555555555555555555555555555555555555555
