Pet_me!
35
60
85
0000000000000000000000000000005550
0000000000000000000000000000005555
0000000000000000000000000000000555
0000000000000000000000000000000055
0000000000000000000000000000000055
0000000000000000000000000000000055
0050500000000000000000000000000055
0055500000000000000000000000000055
0555570000000000000000000000000055
0555777000000000000000000000000055
0555777700000000000000000000000555
5555757750000000000055500000005550
5555555555000000555555755500055500
5555555575555555555577775555555000
0555557777555555555577755555550000
0005577777755555555557775555500000
0005557775555555555555755557500000
0005555777555555555555555577700000
0005557777555555557555555777700000
0055555775555555577555555777700000
0057755555555555777575555577700000
0007775555555555577775555777000000
0007777555555555777755557770000000
0000775557755557757775555770000000
0000577555775555555755557700000000
0000555557777555555555555500000000
0000555550077755555055555000000000
0005505500000000000055055000000000
0005505500000000000055055000000000
0055005500000000000555055000000000
0000055500000000000000555000000000
