Land_ho!
10
20
30
0000000000000000000000000000000000000000000000000000000000000000000000000000000000000000000000000000
0000000000000000000000000000000000000000000000000000000000000000000000000000000000000000000000000000
0000000000000000000000000000000000000000000000000000000000000000000000000000000000000000000000000000
0000000000000000000000000000000000000000000000000000000000000000000000000000000000000000000000000000
0000000000000000000000000000000000000000000000000000000000000000000000000000000000000000000000000000
0000000000000000000000000000000000000000000000000000000000000000000000000000000000000000000000000000
0000000000000000000000000000000000000000000000000000000000000000000000000000000000000000000000000000
0000000000000000000000003330000000000000000000000000000000000000000000000000000000000000000000000000
0000000000000000000000003333330000000000000000000000000000000000000000000000000000000000000000000000
0000000000000000000000003333333330000000000000000000000000000000000000000000000000000000000000000000
0000000000000000000000003333333333330000000000000000000000000000000000000000000000000000000000000000
0000000000000000000000003333333333333330066666660000000000000000000000000000000000000000000000000000
0000000000000000000000003333333333333333336666666000000000000000000000000000000000000000000000000000
0000000000000000000000003333333333333333333666666000000000000000000000000000000000000000000000000000
0000000000000000000000003333333333333333336666666000000000000000000000000000000000000000000000000000
0000000000000000000000003333333333333330066666660000000000000000000000000000000000000000000000000000
0000000000000000000000003333333333330000771111777000000000000000000000000000000000000000000000000000
0000000000000000000000003333333330000000111177777000000000000000000000000000000000000000000000000000
0000000000000000000000003333330000000000117777777000000000000000000000000000000000000000000000000000
0000000000000000000000003330000000000000777777771000000000000000000000000000000000000000000000000000
0000000000000000000000000000000000000000777777111000000000000000000000000000000000000000000000000000
0000000000000000000000000000000000000000777711117000000000000000000000000000000000000000000000000000
0000000000000000000000000000000000000000771111777000000000000000000000000000000000000000000000000000
0000000000000000000000000000000000000000111177777000000000000000000000000000000000000000000000000000
0000000000000000000000000000000000000000117777777000000000000000000000000000000000000000000000000000
0000000000000000000000000000000000000000777777771000000000000000000000000000000000000000000000000000
0000000000000000000000000000000000000000777777111000000000000000000000000000000000000000000000000000
0000000000000000000000000000000000000000777711117000000000000000000000000000000000000000000000000000
0000000000000000000000000000000000000000771111777000000000000000000000000000000000000000000000000000
0000000000000000000000000000000000000000111177777000000000000000000000000000000000000000000000000000
0000000000000000000000000000000000000000117777777000000000000000000000000000000000000000000000000000
0000000000000000000000000000000000000000777777777000000000000000000000000000000000000000000000000000
0000000000000000000000000000000000000000777777777555500000000000000000000000000000000000000000000000
0000000000000000000000000000000000055555777777755555555000000000000000000000000000000000000000000000
0000000000000000000000000000000055555555555555555555555555555500000000000000000000000000000000000000
4444444444444444444444444444444555555555555555555555555555555554444444444444400000000000000000000000
4444444444444444444444444444445555555555555555555555555555555555444444444444400000000000000000000000
0000000000000000000000000000000000000000000000000000000000000000000000000000000000000000000000000000
0000000000000000000000000000000000000000000000000000000000000000000000000000000000000000000000000000
0000000000000000000000000000000000000000000000000000000000000000000000000000000000000000000000000000
