Get_some_syrup!
50
100
140
111111111111111111111111111111111111111111111111111111111111111111111
140404040404040404040404040404040404040404040404040404040404040404041
144444444444444444444444444444444444444444444444444444444444444444441
140404040404040404040404040404040404040404040404040404040404040404041
144444444444444444444444444444444444444444444444444444444444444444441
140404040404040404040404040404040404040404040404040404040404040404041
144444444444444444444444444444444444444444444444444444444444444444441
140404040404040404040404040404040404040404040404040404040404040404041
144444444444444444444444444444444444444444444444444444444444444444441
140404040404040404040404040404040404040404040404040404040404040404041
144444444444444444444444444444444444444444444444444444444444444444441
140404040404040404040404040404040404040404040404040404040404040404041
144444444444444444444444444444444444444444444444444444444444444444441
140404040404040404040404040404040404040404040404040404040404040404041
144444444444444444444444444444444444444444444444444444444444444444441
140404040404040404040404040404040404040404040404040404040404040404041
144444444444444444444444444444444444444444444444444444444444444444441
140404040404040404040404040404040404040404040404040404040404040404041
144444444444444444444444444444444444444444444444444444444444444444441
140404040404040404040404040404040404040404040404040404040404040404041
144444444444444444444444444444444444444444444444444444444444444444441
140404040404040404040404040404040404040404040404040404040404040404041
144444444444444444444444444444444444444444444444444444444444444444441
140404040404040404040404040404040404040404040404040404040404040404041
144444444444444444444444444444444444444444444444444444444444444444441
140404040404040404040404040404040404040404040404040404040404040404041
144444444444444444444444444444444444444444444444444444444444444444441
140404040404040404040404040404040404040404040404040404040404040404041
111111111111111111111111111111111111111111111111111111111111111111111
