Wine
50
70
90
000000002233322000000000000000000000000000000000000000000000000000000000000000000000000000000000000000
000000002233322000000000000000000000000000000000000000000000000000000000000000000000000000000000000000
000000002233322000000000000000000000000000000000000000000000000000000000000000000000000000000000000000
000000000233320000000000000000000000000000000000000000000000000000000000000000000000000000000000000000
000000000233320000000000000000000000000000000000000000000000000000000000000000000000000000000000000000
000000000233320000000000000000000000000000000000000000000000000000000000000000000000000000000000000000
000000000233320000000000000000000000000000000000000000000000000000000000000000000000000000000000000000
000000000222220000000000000000000000000000000000000000000000000000000000000000000000000000000000000000
000000002222222000000000000000000000000000000000000000000000000000000000000000000000000000000000000000
000000022222222200000000000000000000000000000000000000000000000000000000000000000000000000000000000000
000000222222222220000000000000000000000000000000000000000000000000000000000000000000000000000000000000
000002222222222222000000000000000000000000000000000000000000000000000000000000000000000000000000000000
000025555555555555200000000000000000000000000000000000000000000000000000000000000000000000000000000000
000255555555555555520000000000000000000000000777777777777700000000000000000000000000000000000000000000
002555555555555555552000000000000000000000007777777777777770000000000000000000000000000000000000000000
002555555555555555552000000000000000000000007555555555555570000000000000000000000000000000000000000000
002555555555555555552000000000000000000000007555555555555570000000000000000000000000000000000000000000
002555777777777775552000000000000000000000007555555555555570000000000000000000000000000000000000000000
002555777777777775552000000000000000000000007555555555555570000000000000000000000000000000000000000000
002555777777777775552000000000000000000000007755555555555770000000000000000000000000000000000000000000
002555777777777775552000000000000000000000000077555555577000000000000000000000000000000000000000000000
002555777777777775552000000000000000000000000000775557700000000000000000000000000000000000000000000000
002555777777777775552000000000000000000000000000007570000000000000000000000000000000000000000000000000
002555777777777775552000000000000000000000000000000700000000000000000000000000000000000000000000000000
002555777777777775552000000000000000000000000000000700000000000000000000000000000000000000000000000000
002555777777777775552000000000000000000000000000000700000000000000000000000000000000000000000000000000
002555777777777775552000000000000000000000000000000700000000000000000000000000000000000000000000000000
002555777777777775552000000000000000000000000000000700000000000000000000000000000000000000000000000000
002555555555555555552000000000000000000000000000000700000000000000000000000000000000000000000000000000
002555555555555555552000000000000000000000000000000700000000000000000000000000000000000000000000000000
000222222222222222220000000000000000000000000077777777777000000000000000000000000000000000000000000000
333333333333333333333333333333333333333333333333333333333333333330000000000000000000000000000000000000
333333333333333333333333333333333333333333333333333333333333333330000000000000000000000000000000000000
333333333333333333333333333333333333333333333333333333333333333330000000000000000000000000000000000000
