Happy_Holidays!
10
20
30
0000000000000000000000000000000000000000000000000000000000000000000000000000000000000000000000000000
0000000000000000000000000000000000000000000000000000000000000000000000000000000000000000000000000000
0000000000000000000000000000000000000000000000000000000000000000000000000000000000000000000000000000
0000000000000000000000000000000000000000000000000000000000000000000000000000000000000000000000000000
0000000000000000000000000000000000000000000000000000000000000000000000000000000000000000000000000000
0000000000000000000000000000000000000000000000000000000000000000000000000000000000000000000000000000
0000000000000000000000000000000000000000000000000000000000000000000000000000000000000000000000000000
0000000000000000000000000000000000000000000000000000000000000000000000000000000000000000000000000000
0000000000000000000000000000000000000000000000000000000000000000000000000000000000000000000000000000
0000000000000000000000000000000000000000000000000000000000000000000000000000000000000000000000000000
0000000000000000000000000000000000000000000000000000000000000000000000000000000000000000000000000000
0000000000000000000000000000000000000000000000000000000000000000000000000000000000000000000000000000
0000000000000000000000000000000000000000000000000000000000000000000000000000000000000000000000000000
0000000000000000000000000000000000000000000000000000000000000000000000000000000000000000000000000000
0000000000000000000000000000000000000000000000000000000000000000000000000000000000000000000000000000
0000000000000000000000000000000000000000000000000000000000000000000000000000000000000000000000000000
0000000000000000000000000000000000000000000000000000000000000000000000000000000000000000000000000000
0000000000000000000000000000000000000000000000002200000000000000000000000000000000000000000000000000
0000000000000000000000000000000000000000000000022220000000000000000000000000000000000000000000000000
0000000000000000000000000000000000000000000002222222000000000000000000000000000000000000000000000000
0000000000000000000000000000000000000000000000222220000000000000000000000000000000000000000000000000
0000000000000000000000000000000000000000002222222222222000000000000000000000000000000000000000000000
0000000000000000000000000000000000000000000000222220000000000000000000000000000000000000000000000000
0000000000000000000000000000000000000000000222222222220000000000000000000000000000000000000000000000
0000000000000000000000000000000000000002222222222222222222000000000000000000000000000000000000000000
0000000000000000000000000000000000000000000002222222000000000000000000000000000000000000000000000000
0000000000000000000000000000000000000000022222222222222200000000000000000000000000000000000000000000
0000000000000000000000000000000000000222222222222222222222220000000000000000000000000000000000000000
0000000000000000000000000000000000000000000222222222220000000000000000000000000000000000000000000000
0000000000000000000000000000000000000002222222222222222222000000000000000000000000000000000000000000
0000000000000000000000000000000000022222222222222222222222222200000000000000000000000000000000000000
0000000000000000000000000000000000000000000022222222200000000000000000000000000000000000000000000000
0000000000000000000000000000000000000000022222222222222200000000000000000000000000000000000000000000
0000000000000000000000000000000000000222222222222222222222220000000000000000000000000000000000000000
0000000000000000000000000000000002222222222222222222222222222222000000000000000000000000000000000000
0000000000000000000000000000000000000000000000003300000000000000000000000000000000000000000000000000
0000000000000000000000000000000000000000000000003300000000000000000000000000000000000000000000000000
0000000000000000000000000000000000000000000000111111000000000000000000000000000000000000000000000000
0000000000000000000000000000000000000000000111100001111000000000000000000000000000000000000000000000
0000000000000000000000000000000000000000000000000000000000000000000000000000000000000000000000000000
